2800 0
1067000 5000
1431100 10000
2190300 15000
2704000 20000
3272900 25000
3481300 30000
5669600 35000
4607400 40000
5063600 45000
5613000 50000
6155400 55000
6771900 60000
7304800 65000
7880800 70000
8948700 75000
9418800 80000
10205800 85000
10330200 90000
10640300 95000
11449000 100000
11766800 105000
13393300 110000
15045600 115000
13361300 120000
14714500 125000
15534800 130000
15619800 135000
15880800 140000
16426000 145000
17322500 150000
17975700 155000
17999600 160000
18928000 165000
19181700 170000
19742100 175000
20551800 180000
21852600 185000
22277500 190000
21339600 195000
23614300 200000
24636800 205000
23403100 210000
24065600 215000
24423500 220000
24894900 225000
25798600 230000
26381600 235000
26602600 240000
27316900 245000
29420200 250000
28990900 255000
29981400 260000
